array([[[451.42970699, 319.55553176, 376.63756256, 397.5573167 ,
         340.9701244 ,  76.45619985, 451.52264325,  43.44558787,
         155.54583989],
        [342.16201002, 337.39288817, 168.72754956, 278.02830718,
          42.33550537, 416.22932368,  41.81183079, 155.96966869,
         412.24536758],
        [117.57920877, 222.50889163, 433.07217632, 269.28767085,
         433.62281167, 309.22467118, 300.13063269, 223.72663141,
         234.93659712],
        [300.22062994, 412.21729799, 271.67521331, 310.13823716,
         349.32890495, 207.95849819, 167.14828595, 423.6187906 ,
         286.70416588],
        [310.14379231,  28.32640249, 318.13700523, 419.77119577,
          73.35781198, 344.39062828, 452.64612112, 273.24494703,
         280.75097601]],

       [[181.91491853, 257.57512845, 108.54350278, 149.51026843,
         441.99768471, 326.05481937, 214.32364372, 359.44682329,
         261.75860225],
        [121.62753233, 182.28716404,  48.95894838,  91.30041569,
         446.71341435, 344.14554979,  51.79633132, 262.69661939,
         234.9421848 ],
        [351.55743199, 261.71933786, 248.35735844, 177.63414262,
         279.66831137, 236.43449022, 150.95455558, 188.638343  ,
         175.87972059],
        [314.67712609, 411.30026471, 195.00385307, 187.45633349,
         326.46020994, 302.47529141, 450.60416755, 404.40521685,
          39.64440227],
        [234.04993208,  72.77610432,  40.14129378, 195.57791164,
         184.28093568,  25.3558401 , 299.69646798, 253.43946267,
         279.39804474]]])